image: postoffice.pgm
resolution: 0.060000
origin: [-102.180000, -136.740000, 0.000000]
negate: 0
occupied_thresh: 0.65
free_thresh: 0.196

